-0.28287168
1.0274922
-0.56192063
1.0364948
-0.76730228
-0.052937506
-0.41699193
1.2396988
-0.059938181
0.52130395
-1.1381094
-0.91913609
-0.87015085
0.12089979
-0.18799374
-0.50012016
0.65993162
0.25477846
0.23394974
-0.37636108
-0.27964021
-0.34423763
-0.58168873
1.1805008
-0.88472014
0.56747075
0.70500193
-0.43022874
0.66216748
-1.0337093
1.2348766
-0.025095602
0.42985879
-0.30441882
-0.37008374
-0.25500916
0.82251866
-0.33280154
-0.10783524
-0.084608857
-0.30612793
-0.084608857
0.38295382
-0.5514012
-1.0632495
0.41558153
1.0774977
-0.57426386
0.42589281
-0.80014482
0.82886145
1.3106227
-0.53534447
0.49755098
0.54347942
-0.80014482
-0.62992913
-0.098184413
-0.47387373
1.1122344
-0.6643952
-0.032015962
1.18133
-0.80014482
-0.082605745
0.083714599
-0.41937926
0.41833459
-0.81899726
1.3671734
-0.53108561
0.20131704
0.83222493
0.52782666
-0.5215435
1.1442521
-1.1999048
0.75619253
0.4548294
-0.85596699
0.6648339
-0.84953455
0.41732549
-0.68873288
-0.690066
-0.12684957
-0.91336465
0.038338342
0.92592619
-0.86198814
0.42957864
-0.09244953
1.0000449
-0.46630215
0.28349778
-0.80014482
-0.80014482
1.2801764
1.1949641
-0.33987993
-0.26236242
-0.31052417
0.11921503
1.313881
0.89330618
0.82879857
0.22365387
0.83222493
0.91611744
0.1479185
1.0454692
0.66410175
